[Execute Mode]
Mode=3DCDViewer
[Program Up]
UP_A=091118
[Program Version]
HILS=6
HIMS=1
LOWLS=22
LOWMS=2
[SUID]
ID=1.2.410.200028.055001853.20221104.141229
